1 7 14309 1527 14148 2592 8872 11123 13884 
1 5 6110 14542 14497 4262 14309 
2 12 9134 10863 210 2109 14141 8891 905 8772 14001 8890 2917 11123 
2 7 6110 8311 8171 10627 1066 14291 210 
2 5 3945 7238 3097 98 14662 
2 5 3097 4027 204 5976 14309 
2 4 14730 5022 14653 14662 
1 7 14730 14686 6543 10730 14597 14577 9531 
3 7 14878 14829 10125 7580 7315 10805 9531 
1 7 6238 15021 2893 14903 14923 5166 14878 
1 5 5166 5160 14854 10313 10512 
1 12 10512 312 8746 3617 6588 14546 5626 7302 14462 3560 14287 6662 
1 6 6662 4044 2266 3211 4407 14298 
1 5 14298 7483 688 9341 14554 
2 7 14554 14574 7960 14588 14590 3044 9531 
2 11 14298 10933 14238 14211 14182 5745 2110 13952 7623 9264 7081 
1 3 5745 2115 3494 
1 6 3494 11043 14140 14105 14072 4911 
3 5 4911 3260 7774 13707 13636 
2 10 11123 1417 4201 3751 13943 7664 3789 2050 1898 4911 
1 5 13707 4427 2448 13816 3789 
1 5 14730 411 14838 1049 5211 
1 7 5211 10174 4513 15013 10215 3797 14991 
1 6 14991 14939 6423 14751 2357 14662 
1 5 15075 11005 14949 8758 14829 
1 7 15075 7637 2673 5038 6892 9155 5211 
1 6 15314 6882 3709 11010 10132 7637 
1 6 8325 15324 15266 15224 9176 7637 
1 4 8325 9429 260 8316 
1 7 15766 15722 3474 15605 4638 15590 8316 
1 5 15766 15833 3707 9781 543 
1 4 3797 6239 9389 15216 
1 4 15045 4031 7236 7576 
1 2 14991 15045 
1 5 7576 4602 15320 6293 5417 
1 3 15489 15447 5417 
1 7 7576 15198 10416 370 11058 15333 1492 
1 7 370 1003 15219 5992 10286 7868 777 
1 6 1492 15432 5006 15375 8411 10543 
1 5 15375 4193 15243 3594 7868 
1 5 4120 7730 4072 15482 15432 
1 6 543 15975 7690 914 7411 9497 
1 6 9497 6881 2645 5997 6336 4120 
1 7 9497 8706 3964 2965 16065 512 16195 
1 7 16195 5998 2948 6119 16218 1563 8765 
1 8 8765 7164 3620 5002 9795 15924 113 3964 
1 5 5002 15899 889 5634 4120 
1 5 5002 15943 15946 2879 15886 
1 4 16439 16400 7791 1563 
1 4 8969 311 2063 8765 
1 7 8969 16393 5842 3758 16456 16446 3428 
1 4 7970 6106 7957 3758 
1 5 3428 16373 5696 7546 16286 
1 5 7501 10187 10941 3070 16286 
1 5 10187 4073 16097 16022 2064 
1 6 7707 6895 15908 4724 15925 2064 
1 4 7707 2283 15696 2569 
1 5 2569 15617 3549 15462 15406 
1 4 2569 15666 6890 1418 
1 5 1418 333 15562 9980 5346 
1 6 1418 15665 4903 15685 5454 15725 
1 6 10543 1585 9927 15476 15525 4410 
1 6 4410 15419 5262 15273 7925 15163 
1 6 4410 10576 3455 2661 1647 5346 
1 2 4410 351 
1 6 351 10106 15761 3515 718 15725 
1 4 4873 1286 4650 10106 
1 4 15886 3500 15867 4873 
1 5 5131 585 4033 15987 4873 
1 4 3428 3049 16272 5131 
1 5 5131 1730 7407 10829 16005 
1 5 16005 1256 15992 5181 2064 
1 4 16005 1962 207 15725 
1 5 15163 15120 15076 8783 7666 
1 5 1054 8596 6999 8669 16022 
1 6 38 11108 8756 4425 13925 13975 
1 7 13975 13915 2656 4396 10191 3045 7789 
1 5 14549 14512 14466 14405 14299 
1 4 14299 14165 8352 13975 
1 4 14299 9819 10816 2756 
1 7 2756 14240 14183 8541 8701 7779 7789 
1 7 14549 4269 14585 5953 201 14528 6059 
1 7 6059 5684 2192 5413 10517 4482 2591 
1 7 5887 14999 14967 14904 14855 14810 2591 
1 3 13975 1897 13790 
1 5 5124 1125 5738 2725 13790 
1 10 5124 9973 3430 13283 6181 5892 7912 7228 13018 12975 
1 4 3810 3979 13254 6181 
1 4 13790 3890 13680 13610 
1 5 13610 3926 13545 1965 5124 
1 11 3810 13271 13308 6045 10647 10077 4985 13221 7413 10249 5294 
1 14 12975 9614 3843 4971 7503 6232 11044 7823 12882 12855 3607 4821 2016 6838 
1 3 6838 12 5883 
1 5 10249 13171 295 13090 8056 
1 5 8056 3345 8055 12964 12963 
1 8 12963 6593 2278 3281 12866 533 9423 2016 
1 8 13610 4028 13567 4303 7883 13614 13571 9935 
1 6 9935 13551 13535 13474 874 5294 
1 6 5294 13295 4606 9019 13206 6448 
1 9 8046 1583 3107 7237 13385 13333 11088 13307 6249 
1 5 1138 8773 13334 10638 13307 
1 8 1138 13437 13455 13406 6631 2832 6889 11080 
1 5 11080 3204 9866 5740 874 
1 6 898 14241 9545 7874 285 13894 
1 6 14003 13955 13959 1457 13890 13894 
1 6 13894 890 6256 4838 9566 6574 
1 7 9524 14411 8148 5939 9289 3589 14003 
1 10 9524 14433 2242 6679 5362 6338 14261 14230 4398 14322 
1 6 14230 2974 7174 14022 9774 13953 
1 6 7764 2421 13252 13180 7477 9280 
1 7 7764 10328 9928 5328 8042 3622 9342 
1 8 5924 9719 979 13564 620 8012 366 9342 
1 8 14003 13954 2685 13871 13866 13870 10240 5924 
1 9 13564 4533 2158 1261 13357 3113 13260 13212 3367 
1 8 9774 13911 9816 9853 13917 13893 13852 5924 
1 2 3361 5573 
1 4 3361 10583 2659 2803 
1 6 2803 10007 11405 3292 8041 11424 
1 3 8041 1606 4013 
1 6 3615 4937 7526 11440 4891 11424 
1 4 2198 9896 3379 3615 
1 7 8173 4767 531 11556 6317 11542 192 
1 5 5356 917 1339 5139 8539 
1 7 8539 13073 5099 7997 8202 9988 12962 
1 5 12962 12992 7467 13075 13123 
1 6 3531 3562 3914 9099 9811 13123 
1 7 13700 6637 10607 3624 13533 6922 3531 
1 10 5356 13389 1133 13522 6183 13580 10060 13562 378 11094 
1 5 59 9968 660 13706 11094 
1 5 8831 663 1682 13986 59 
1 6 8831 7586 14187 4640 8109 6297 
1 6 11094 2300 13515 8602 406 13405 
1 7 8572 2886 13590 5789 13676 3458 13700 
1 3 59 1668 8564 
1 4 8564 8957 14208 5800 
1 6 5800 14275 3900 14372 14385 4267 
1 7 4267 7481 14445 3591 7301 14395 14357 
1 5 14357 7862 901 1196 14684 
1 6 14357 14296 10192 14200 14132 7397 
1 5 7397 13942 13875 6840 13700 
1 8 7397 14103 6915 6322 7490 14210 6171 2248 
1 6 2248 14098 14071 6252 3681 8617 
1 5 14853 14821 10966 10002 1980 
1 2 6322 14325 
1 6 1980 10019 6624 6721 4430 14325 
1 6 14853 253 10641 5886 203 15052 
1 5 15052 2588 7123 4760 15285 
1 5 14297 1029 4986 3780 8617 
1 5 14297 3838 5985 3093 3222 
1 5 3222 6934 1035 8604 5481 
1 5 3222 14639 14702 14768 5587 
1 4 3093 10579 6558 10137 
1 7 9214 4529 2499 15037 974 14908 5587 
1 4 4918 2429 8039 974 
1 9 9214 15131 8188 6534 15213 741 10723 15248 9373 
1 5 980 6022 3942 15145 4918 
1 7 4918 1885 15074 15066 2440 843 15052 
1 9 4700 15719 8829 274 15691 15654 15621 8703 7999 
1 5 7999 5979 15488 15414 980 
1 9 8703 15564 10657 1894 1982 4889 1193 15233 8188 
1 4 17029 5669 3477 1787 
1 6 1787 9612 2844 16760 2438 16803 
1 6 1787 16784 2040 16726 5635 1738 
1 6 1738 16661 16585 2595 5571 3041 
1 7 1738 5315 2942 16684 9824 4210 1255 
1 6 16943 16917 16961 17000 10743 17029 
1 3 2549 6639 17029 
1 6 1738 2868 6979 9855 313 8034 
1 2 8034 1467 
1 2 17241 2549 
1 7 536 86 17157 4076 9822 4577 16943 
1 4 8034 4009 16372 16385 
1 5 3247 5520 16260 2678 2182 
1 6 2182 16277 9399 16155 78 10347 
1 2 10347 16029 
1 5 16595 6833 6740 5568 2182 
1 8 16385 8803 4356 10745 826 10219 16344 2182 
1 6 3247 482 16244 16191 1661 973 
1 4 973 9646 15879 8086 
1 3 8086 5239 15691 
1 5 16485 7863 7485 16341 3247 
1 8 16485 2823 16475 4263 7167 16432 16468 9944 
1 5 16468 16417 5521 5137 16321 
1 7 16485 9742 8892 1116 135 16750 10742 
