1 1 
1 38 
1 351 
1 543 
1 777 
1 973 
1 1054 
1 1138 
1 1418 
1 1492 
1 1738 
1 1787 
1 2064 
1 2182 
1 2198 
1 2569 
1 2659 
1 2756 
1 2940 
1 3041 
1 3222 
1 3247 
1 3428 
1 3494 
1 3615 
1 3617 
1 3810 
1 3964 
1 4120 
1 4267 
1 4410 
1 4873 
1 4911 
1 5002 
1 5124 
1 5131 
1 5166 
1 5211 
1 5294 
1 5346 
1 5356 
1 5417 
1 5743 
1 5800 
1 5924 
1 6110 
1 6184 
1 6448 
1 6574 
1 6656 
1 6662 
1 6712 
1 6838 
1 7042 
1 7397 
1 7501 
1 7576 
1 7681 
1 7707 
1 7764 
1 7970 
1 8034 
1 8173 
1 8316 
1 8325 
1 8559 
1 8596 
1 8617 
1 8765 
1 8831 
1 8969 
1 9214 
1 9497 
1 9524 
1 9531 
1 9935 
1 9944 
1 9992 
1 10000 
1 10122 
1 10543 
1 10695 
1 11123 
1 11424 
1 12962 
1 13212 
1 13636 
1 13700 
1 13707 
1 13952 
1 13953 
1 13975 
1 14003 
1 14141 
1 14298 
1 14309 
1 14357 
1 14549 
1 14554 
1 14662 
1 14684 
1 14730 
1 14853 
1 14991 
1 15075 
1 15163 
1 15216 
1 15314 
1 15406 
1 15489 
1 15725 
1 15766 
1 15886 
1 16005 
1 16195 
1 16321 
1 16439 
1 16485 
1 16595 
1 16803 
1 17242 
